1
3
12
0.   1.1554374570351778   0.11098444652552764
0.3832992917470862   0.5388546887826235   -0.996902114821547
1.0076015868134207   0.05224624830840212   -0.4196950798258614
0.8759915617582726   -0.26570565527414786   -0.1910632837070525
0.3107658051445101   -0.36857187213802023   -0.3518574734539116
-0.12408170063219363   -0.7506003910541736   0.9152287447093579
-0.802658809512393   -0.38360756176191135   -0.22811625638056887
-0.9885446610851512   0.13921677469250715   -0.4057963996691839
-0.6220059923546724   0.729450476936159   0.2023722886125947
0.   1.1554374570351778   0.11098444652552764
0.3832992917470862   0.5388546887826235   -0.996902114821547
1.0076015868134207   0.05224624830840212   -0.4196950798258614
1
-0.3333333333333333   -0.2222222222222222   -0.1111111111111111   0   0.1111111111111111   0.2222222222222222   0.3333333333333333   0.4444444444444444   0.5555555555555556   0.6666666666666666   0.7777777777777778   0.8888888888888888   1   1.1111111111111112   1.2222222222222223    1.3333333333333333
