1
3
42
2.63269	  	4.12634	  	0
1.91874	  	4.11816	  	0
1.17478	  	3.41699	  	0
0.932576  	2.07411	  	0
1.41294	  	0.690496  	0
2.66736	  	0.156688  	0
3.79515	  	0.720432  	0
4.20662	  	2.08589	  	0
3.9689	  	3.36589	  	0
3.33364	  	4.13393	  	0
2.63317	  	4.12903	  	0
3.17389	  	3.11215	  	0
3.35995	  	3.10877	  	0
3.47443	  	2.89895	  	0
3.48103	  	2.53475	  	0
3.19619	  	2.28328	  	0
2.88176	  	2.52174	  	0
2.87798	  	2.85447	  	0
2.98796	  	3.10882	  	0
3.17389	  	3.11197	  	0
1.90354	  	3.11021	  	0
1.73554	  	3.11127	  	0
1.59865	  	2.88211	  	0
1.59759	  	2.5579	  	0
1.90916	  	2.30679	  	0
2.21475	  	2.55403	  	0
2.21369	  	2.87227	  	0
2.087	  	3.11021	  	0
1.90899	  	3.11021	  	0
2.54583	  	1.59843	  	0
2.90115	  	1.59843	  	0
3.25772	  	1.81774	  	0
3.5018	  	1.82616	  	0
3.50021	  	1.51988	  	0
3.21975	  	1.13187	  	0
2.55725	  	0.954027  	0
1.95485	  	1.13187	  	0
1.63328	  	1.47454	  	0
1.63047	  	1.80807	  	0
1.86524	  	1.79876	  	0
2.23004	  	1.60054	  	0
2.54583	  	1.59843	  	0
0
