1
 3
42
2.63269	  	4.12634	  	0.445451
1.91874	  	4.11816	  	0.445451
1.17478	  	3.41699	  	0.445451
0.932576  	2.07411	  	0.445451
1.41294	  	0.690496  	0.445451
2.66736	  	0.156688  	0.445451
3.79515	  	0.720432  	0.445451
4.20662	  	2.08589	  	0.445451
3.9689	  	3.36589	  	0.445451
3.33364	  	4.13393	  	0.445451
2.63317	  	4.12903	  	0.445451
2.99741	  	2.95643	  	0.445451
3.43262	  	3.12953	  	0.445451
3.53672	  	3.13771	  	0.445451
3.61598	  	2.85657	  	0.445451
3.47648	  	2.49091	  	0.445451
3.03747	  	2.35564	  	0.445451
2.65998	  	2.59494	  	0.445451
2.76996	  	2.80777	  	0.445451
2.98703	  	2.94587	  	0.445451
2.06964	  	2.92335	  	0.445451
1.7563	  	3.15279	  	0.445451
1.65056	  	3.15202	  	0.445451
1.52492	  	2.942	  	0.445451
1.53544	  	2.52479	  	0.445451
2.11094	  	2.39831	  	0.445451
2.36941	  	2.59198	  	0.445451
2.23234	  	2.80916	  	0.445451
2.06471	  	2.92335	  	0.445451
2.55621	  	1.74377	  	0.445451
2.85963	  	1.74377	  	0.445451
3.29925	  	1.69317	  	0.445451
3.64714	  	1.43168	  	0.445451
3.46907	  	1.1254	  	0.445451
3.16784	  	1.11111	  	0.445451
2.56763	  	1.27584	  	0.445451
1.95485	  	1.06958	  	0.445451
1.65404	  	1.12158	  	0.445451
1.5059	  	1.38244	  	0.445451
1.7199	  	1.6638	  	0.445451
2.23004	  	1.74588	  	0.445451
2.5587	  	1.74418	   	0.445451
0

